10	12	36
0	0	12	0.000
0	0	13	0.000
0	0	14	0.000
0	0	15	0.000
0	0	16	0.000
0	0	17	0.000
0	0	18	0.000
0	0	19	0.000
0	0	20	0.000
0	0	21	0.000
0	0	22	0.000
0	0	23	0.000
0	0	24	0.000
0	0	25	0.000
0	0	26	0.000
0	0	27	0.000
0	0	28	0.000
0	0	29	0.000
0	0	30	0.000
0	0	31	0.000
0	0	32	0.000
0	0	33	0.000
0	0	34	0.000
0	0	35	0.000
0	0	36	0.000
0	1	12	8.477
0	1	13	5.948
0	1	14	5.277
0	1	15	5.283
0	1	16	5.282
0	1	17	5.278
0	1	18	5.280
0	1	19	5.278
0	1	20	5.276
0	1	21	5.274
0	1	22	5.275
0	1	23	5.278
0	1	24	5.277
0	1	25	5.277
0	1	26	5.276
0	1	27	5.276
0	1	28	5.277
0	1	29	5.275
0	1	30	5.273
0	1	31	5.276
0	1	32	5.277
0	1	33	5.278
0	1	34	5.280
0	1	35	5.283
0	1	36	5.289
0	2	12	15.600
0	2	13	11.885
0	2	14	10.461
0	2	15	10.473
0	2	16	10.459
0	2	17	10.483
0	2	18	10.514
0	2	19	10.516
0	2	20	10.409
0	2	21	10.419
0	2	22	10.456
0	2	23	10.474
0	2	24	10.474
0	2	25	10.488
0	2	26	10.473
0	2	27	10.496
0	2	28	10.469
0	2	29	10.476
0	2	30	10.495
0	2	31	10.507
0	2	32	10.572
0	2	33	10.613
0	2	34	10.861
0	2	35	10.861
0	2	36	11.033
0	3	12	13.065
0	3	13	9.335
0	3	14	9.335
0	3	15	9.335
0	3	16	9.335
0	3	17	9.335
0	3	18	9.335
0	3	19	9.335
0	3	20	9.335
0	3	21	9.335
0	3	22	9.335
0	3	23	9.335
0	3	24	9.335
0	3	25	9.335
0	3	26	9.335
0	3	27	9.335
0	3	28	9.335
0	3	29	9.335
0	3	30	9.335
0	3	31	9.335
0	3	32	9.335
0	3	33	9.335
0	3	34	9.335
0	3	35	9.335
0	3	36	9.335
0	4	12	41.541
0	4	13	26.940
0	4	14	25.327
0	4	15	25.342
0	4	16	25.268
0	4	17	25.326
0	4	18	25.492
0	4	19	25.391
0	4	20	25.138
0	4	21	25.143
0	4	22	25.354
0	4	23	25.623
0	4	24	25.381
0	4	25	25.292
0	4	26	25.276
0	4	27	25.297
0	4	28	25.307
0	4	29	25.287
0	4	30	25.304
0	4	31	25.495
0	4	32	26.278
0	4	33	27.361
0	4	34	28.166
0	4	35	28.682
0	4	36	30.752
0	5	12	25.701
0	5	13	20.557
0	5	14	20.266
0	5	15	17.945
0	5	16	17.899
0	5	17	17.982
0	5	18	18.043
0	5	19	18.050
0	5	20	18.019
0	5	21	17.912
0	5	22	17.983
0	5	23	17.983
0	5	24	18.074
0	5	25	17.956
0	5	26	18.090
0	5	27	17.972
0	5	28	18.104
0	5	29	22.712
0	5	30	24.578
0	5	31	26.259
0	5	32	26.568
0	5	33	21.596
0	5	34	19.001
0	5	35	21.031
0	5	36	21.701
0	6	12	37.843
0	6	13	27.959
0	6	14	27.574
0	6	15	25.213
0	6	16	25.290
0	6	17	25.367
0	6	18	25.470
0	6	19	25.506
0	6	20	25.400
0	6	21	25.224
0	6	22	25.287
0	6	23	25.278
0	6	24	25.499
0	6	25	25.425
0	6	26	25.496
0	6	27	25.416
0	6	28	25.611
0	6	29	27.861
0	6	30	29.039
0	6	31	29.293
0	6	32	31.128
0	6	33	29.757
0	6	34	27.040
0	6	35	30.926
0	6	36	33.507
0	7	12	39.854
0	7	13	29.499
0	7	14	28.014
0	7	15	26.746
0	7	16	26.825
0	7	17	26.877
0	7	18	26.996
0	7	19	27.039
0	7	20	26.934
0	7	21	26.759
0	7	22	26.827
0	7	23	26.812
0	7	24	27.005
0	7	25	26.940
0	7	26	27.018
0	7	27	26.926
0	7	28	27.127
0	7	29	28.010
0	7	30	29.093
0	7	31	29.269
0	7	32	30.210
0	7	33	31.284
0	7	34	28.504
0	7	35	31.938
0	7	36	34.073
0	8	12	36.051
0	8	13	27.324
0	8	14	27.061
0	8	15	25.889
0	8	16	25.839
0	8	17	25.924
0	8	18	25.980
0	8	19	25.979
0	8	20	25.941
0	8	21	25.845
0	8	22	25.908
0	8	23	25.904
0	8	24	25.985
0	8	25	25.889
0	8	26	26.012
0	8	27	25.906
0	8	28	26.005
0	8	29	27.708
0	8	30	27.774
0	8	31	27.662
0	8	32	29.492
0	8	33	27.337
0	8	34	26.773
0	8	35	28.725
0	8	36	29.427
0	9	12	54.341
0	9	13	36.788
0	9	14	34.937
0	9	15	34.766
0	9	16	34.845
0	9	17	36.171
0	9	18	36.444
0	9	19	35.332
0	9	20	34.639
0	9	21	34.453
0	9	22	34.523
0	9	23	34.879
0	9	24	34.323
0	9	25	34.261
0	9	26	34.224
0	9	27	34.246
0	9	28	34.158
0	9	29	34.636
0	9	30	35.156
0	9	31	35.334
0	9	32	36.286
0	9	33	37.846
0	9	34	38.962
0	9	35	42.942
0	9	36	44.512
1	0	12	12.832
1	0	13	9.184
1	0	14	8.807
1	0	15	8.810
1	0	16	8.810
1	0	17	8.808
1	0	18	8.809
1	0	19	8.808
1	0	20	8.807
1	0	21	8.806
1	0	22	8.806
1	0	23	8.991
1	0	24	8.990
1	0	25	8.990
1	0	26	8.989
1	0	27	8.989
1	0	28	8.990
1	0	29	8.988
1	0	30	8.805
1	0	31	8.806
1	0	32	8.807
1	0	33	8.808
1	0	34	8.809
1	0	35	8.810
1	0	36	8.814
1	1	12	0.000
1	1	13	0.000
1	1	14	0.000
1	1	15	0.000
1	1	16	0.000
1	1	17	0.000
1	1	18	0.000
1	1	19	0.000
1	1	20	0.000
1	1	21	0.000
1	1	22	0.000
1	1	23	0.000
1	1	24	0.000
1	1	25	0.000
1	1	26	0.000
1	1	27	0.000
1	1	28	0.000
1	1	29	0.000
1	1	30	0.000
1	1	31	0.000
1	1	32	0.000
1	1	33	0.000
1	1	34	0.000
1	1	35	0.000
1	1	36	0.000
1	2	12	9.917
1	2	13	7.134
1	2	14	6.757
1	2	15	6.760
1	2	16	6.760
1	2	17	6.758
1	2	18	6.759
1	2	19	6.758
1	2	20	6.757
1	2	21	6.756
1	2	22	6.756
1	2	23	6.941
1	2	24	6.940
1	2	25	6.940
1	2	26	6.939
1	2	27	6.939
1	2	28	6.940
1	2	29	6.938
1	2	30	6.755
1	2	31	6.756
1	2	32	6.757
1	2	33	6.758
1	2	34	6.759
1	2	35	6.760
1	2	36	6.764
1	3	12	6.854
1	3	13	4.880
1	3	14	4.362
1	3	15	4.264
1	3	16	4.257
1	3	17	4.232
1	3	18	4.252
1	3	19	4.264
1	3	20	4.374
1	3	21	4.273
1	3	22	4.252
1	3	23	5.477
1	3	24	5.478
1	3	25	5.476
1	3	26	5.668
1	3	27	5.795
1	3	28	5.487
1	3	29	5.695
1	3	30	4.343
1	3	31	6.311
1	3	32	6.278
1	3	33	6.467
1	3	34	6.740
1	3	35	6.647
1	3	36	6.563
1	4	12	38.791
1	4	13	24.607
1	4	14	23.907
1	4	15	23.900
1	4	16	23.830
1	4	17	23.855
1	4	18	24.032
1	4	19	24.002
1	4	20	23.870
1	4	21	23.705
1	4	22	23.742
1	4	23	24.366
1	4	24	24.123
1	4	25	24.057
1	4	26	24.010
1	4	27	24.085
1	4	28	24.026
1	4	29	24.042
1	4	30	23.875
1	4	31	23.962
1	4	32	24.845
1	4	33	25.823
1	4	34	26.657
1	4	35	27.202
1	4	36	29.770
1	5	12	28.957
1	5	13	19.526
1	5	14	18.845
1	5	15	17.302
1	5	16	16.661
1	5	17	16.459
1	5	18	16.368
1	5	19	16.334
1	5	20	16.103
1	5	21	15.947
1	5	22	16.017
1	5	23	16.206
1	5	24	16.439
1	5	25	16.328
1	5	26	16.412
1	5	27	16.418
1	5	28	16.623
1	5	29	21.212
1	5	30	22.814
1	5	31	22.637
1	5	32	24.535
1	5	33	19.901
1	5	34	18.044
1	5	35	19.888
1	5	36	21.458
1	6	12	41.165
1	6	13	28.101
1	6	14	26.118
1	6	15	24.563
1	6	16	24.055
1	6	17	23.801
1	6	18	23.824
1	6	19	23.803
1	6	20	23.487
1	6	21	23.261
1	6	22	23.329
1	6	23	23.493
1	6	24	23.814
1	6	25	23.813
1	6	26	23.831
1	6	27	23.842
1	6	28	24.141
1	6	29	26.621
1	6	30	27.617
1	6	31	27.747
1	6	32	29.702
1	6	33	27.923
1	6	34	26.033
1	6	35	29.787
1	6	36	33.207
1	7	12	42.296
1	7	13	27.289
1	7	14	26.594
1	7	15	26.103
1	7	16	25.587
1	7	17	25.336
1	7	18	25.334
1	7	19	25.329
1	7	20	25.019
1	7	21	24.794
1	7	22	24.863
1	7	23	25.033
1	7	24	25.348
1	7	25	25.318
1	7	26	25.346
1	7	27	25.364
1	7	28	25.651
1	7	29	26.765
1	7	30	27.663
1	7	31	27.736
1	7	32	28.773
1	7	33	29.450
1	7	34	27.498
1	7	35	30.798
1	7	36	33.774
1	8	12	39.307
1	8	13	26.294
1	8	14	25.641
1	8	15	25.247
1	8	16	24.601
1	8	17	24.401
1	8	18	24.305
1	8	19	24.263
1	8	20	24.025
1	8	21	23.880
1	8	22	23.942
1	8	23	24.127
1	8	24	24.350
1	8	25	24.260
1	8	26	24.334
1	8	27	24.352
1	8	28	24.524
1	8	29	26.208
1	8	30	26.021
1	8	31	25.833
1	8	32	25.938
1	8	33	25.642
1	8	34	25.816
1	8	35	27.582
1	8	36	29.183
1	9	12	51.616
1	9	13	34.454
1	9	14	33.504
1	9	15	33.431
1	9	16	33.431
1	9	17	34.388
1	9	18	35.020
1	9	19	33.992
1	9	20	33.437
1	9	21	33.007
1	9	22	32.959
1	9	23	33.608
1	9	24	33.062
1	9	25	33.032
1	9	26	32.942
1	9	27	33.038
1	9	28	32.902
1	9	29	33.207
1	9	30	33.734
1	9	31	33.788
1	9	32	34.860
1	9	33	36.360
1	9	34	37.453
1	9	35	41.462
1	9	36	43.291
2	0	12	15.583
2	0	13	11.275
2	0	14	11.275
2	0	15	11.275
2	0	16	11.275
2	0	17	11.275
2	0	18	11.275
2	0	19	11.275
2	0	20	11.275
2	0	21	11.275
2	0	22	11.275
2	0	23	11.275
2	0	24	11.275
2	0	25	11.275
2	0	26	11.275
2	0	27	11.275
2	0	28	11.275
2	0	29	11.275
2	0	30	11.275
2	0	31	11.275
2	0	32	11.275
2	0	33	11.275
2	0	34	11.275
2	0	35	11.275
2	0	36	11.275
2	1	12	16.128
2	1	13	10.699
2	1	14	10.710
2	1	15	10.707
2	1	16	10.699
2	1	17	10.703
2	1	18	10.700
2	1	19	10.700
2	1	20	10.692
2	1	21	10.694
2	1	22	10.698
2	1	23	10.697
2	1	24	10.696
2	1	25	10.695
2	1	26	10.696
2	1	27	10.698
2	1	28	10.694
2	1	29	10.689
2	1	30	10.696
2	1	31	10.698
2	1	32	10.714
2	1	33	10.719
2	1	34	10.711
2	1	35	10.731
2	1	36	10.741
2	2	12	0.000
2	2	13	0.000
2	2	14	0.000
2	2	15	0.000
2	2	16	0.000
2	2	17	0.000
2	2	18	0.000
2	2	19	0.000
2	2	20	0.000
2	2	21	0.000
2	2	22	0.000
2	2	23	0.000
2	2	24	0.000
2	2	25	0.000
2	2	26	0.000
2	2	27	0.000
2	2	28	0.000
2	2	29	0.000
2	2	30	0.000
2	2	31	0.000
2	2	32	0.000
2	2	33	0.000
2	2	34	0.000
2	2	35	0.000
2	2	36	0.000
2	3	12	12.586
2	3	13	9.074
2	3	14	9.074
2	3	15	9.074
2	3	16	9.074
2	3	17	9.074
2	3	18	9.074
2	3	19	9.074
2	3	20	9.074
2	3	21	9.074
2	3	22	9.074
2	3	23	9.074
2	3	24	9.074
2	3	25	9.074
2	3	26	9.074
2	3	27	9.074
2	3	28	9.074
2	3	29	9.074
2	3	30	9.074
2	3	31	9.074
2	3	32	9.074
2	3	33	9.074
2	3	34	9.074
2	3	35	9.074
2	3	36	9.074
2	4	12	33.861
2	4	13	23.700
2	4	14	21.669
2	4	15	21.354
2	4	16	21.431
2	4	17	21.366
2	4	18	21.470
2	4	19	21.508
2	4	20	21.415
2	4	21	21.238
2	4	22	21.225
2	4	23	21.692
2	4	24	21.480
2	4	25	21.385
2	4	26	21.330
2	4	27	21.359
2	4	28	21.332
2	4	29	21.442
2	4	30	21.349
2	4	31	21.437
2	4	32	22.219
2	4	33	23.243
2	4	34	23.818
2	4	35	24.169
2	4	36	24.466
2	5	12	23.580
2	5	13	18.619
2	5	14	16.445
2	5	15	14.757
2	5	16	14.799
2	5	17	14.721
2	5	18	14.788
2	5	19	14.927
2	5	20	14.815
2	5	21	14.526
2	5	22	14.599
2	5	23	14.846
2	5	24	14.843
2	5	25	14.772
2	5	26	14.739
2	5	27	14.802
2	5	28	14.853
2	5	29	19.470
2	5	30	21.126
2	5	31	21.137
2	5	32	23.031
2	5	33	17.500
2	5	34	16.064
2	5	35	17.818
2	5	36	18.317
2	6	12	35.722
2	6	13	28.026
2	6	14	23.714
2	6	15	22.018
2	6	16	22.193
2	6	17	22.064
2	6	18	22.243
2	6	19	22.396
2	6	20	22.199
2	6	21	21.840
2	6	22	21.911
2	6	23	22.133
2	6	24	22.218
2	6	25	22.257
2	6	26	22.158
2	6	27	22.226
2	6	28	22.371
2	6	29	24.056
2	6	30	25.022
2	6	31	25.113
2	6	32	26.923
2	6	33	25.563
2	6	34	23.863
2	6	35	27.258
2	6	36	29.881
2	7	12	37.548
2	7	13	26.383
2	7	14	24.356
2	7	15	23.558
2	7	16	23.726
2	7	17	23.599
2	7	18	23.753
2	7	19	23.922
2	7	20	23.731
2	7	21	23.373
2	7	22	23.445
2	7	23	23.673
2	7	24	23.752
2	7	25	23.763
2	7	26	23.673
2	7	27	23.748
2	7	28	23.882
2	7	29	24.165
2	7	30	25.138
2	7	31	25.211
2	7	32	26.147
2	7	33	27.089
2	7	34	25.389
2	7	35	28.269
2	7	36	30.308
2	8	12	33.930
2	8	13	25.387
2	8	14	23.241
2	8	15	22.701
2	8	16	22.739
2	8	17	22.664
2	8	18	22.725
2	8	19	22.856
2	8	20	22.737
2	8	21	22.459
2	8	22	22.524
2	8	23	22.767
2	8	24	22.754
2	8	25	22.705
2	8	26	22.661
2	8	27	22.736
2	8	28	22.755
2	8	29	25.387
2	8	30	25.333
2	8	31	25.334
2	8	32	25.433
2	8	33	23.241
2	8	34	23.836
2	8	35	25.511
2	8	36	26.042
2	9	12	46.872
2	9	13	33.395
2	9	14	31.361
2	9	15	31.071
2	9	16	31.064
2	9	17	30.960
2	9	18	32.458
2	9	19	31.938
2	9	20	31.100
2	9	21	30.761
2	9	22	30.559
2	9	23	30.943
2	9	24	30.505
2	9	25	30.369
2	9	26	30.224
2	9	27	30.279
2	9	28	30.295
2	9	29	30.224
2	9	30	31.779
2	9	31	31.262
2	9	32	32.199
2	9	33	33.834
2	9	34	34.551
2	9	35	38.236
2	9	36	37.987
3	0	12	14.348
3	0	13	10.335
3	0	14	10.335
3	0	15	10.335
3	0	16	10.335
3	0	17	10.335
3	0	18	10.335
3	0	19	10.335
3	0	20	10.335
3	0	21	10.335
3	0	22	10.335
3	0	23	10.335
3	0	24	10.335
3	0	25	10.335
3	0	26	10.335
3	0	27	10.335
3	0	28	10.335
3	0	29	10.335
3	0	30	10.335
3	0	31	10.335
3	0	32	10.335
3	0	33	10.335
3	0	34	10.335
3	0	35	10.335
3	0	36	10.335
3	1	12	19.004
3	1	13	12.256
3	1	14	13.049
3	1	15	12.353
3	1	16	11.935
3	1	17	11.903
3	1	18	10.440
3	1	19	10.304
3	1	20	10.806
3	1	21	10.280
3	1	22	10.066
3	1	23	10.176
3	1	24	10.465
3	1	25	10.589
3	1	26	10.537
3	1	27	10.557
3	1	28	10.205
3	1	29	10.240
3	1	30	10.144
3	1	31	10.141
3	1	32	10.134
3	1	33	10.034
3	1	34	10.091
3	1	35	10.346
3	1	36	11.410
3	2	12	13.320
3	2	13	9.505
3	2	14	10.444
3	2	15	10.444
3	2	16	10.444
3	2	17	10.444
3	2	18	9.505
3	2	19	9.505
3	2	20	9.505
3	2	21	9.505
3	2	22	9.505
3	2	23	9.505
3	2	24	9.505
3	2	25	9.505
3	2	26	9.505
3	2	27	9.505
3	2	28	9.505
3	2	29	9.505
3	2	30	9.505
3	2	31	9.505
3	2	32	9.505
3	2	33	9.486
3	2	34	9.505
3	2	35	9.505
3	2	36	9.505
3	3	12	0.000
3	3	13	0.000
3	3	14	0.000
3	3	15	0.000
3	3	16	0.000
3	3	17	0.000
3	3	18	0.000
3	3	19	0.000
3	3	20	0.000
3	3	21	0.000
3	3	22	0.000
3	3	23	0.000
3	3	24	0.000
3	3	25	0.000
3	3	26	0.000
3	3	27	0.000
3	3	28	0.000
3	3	29	0.000
3	3	30	0.000
3	3	31	0.000
3	3	32	0.000
3	3	33	0.000
3	3	34	0.000
3	3	35	0.000
3	3	36	0.000
3	4	12	43.390
3	4	13	27.564
3	4	14	27.363
3	4	15	27.341
3	4	16	27.188
3	4	17	27.206
3	4	18	25.902
3	4	19	25.659
3	4	20	25.921
3	4	21	25.393
3	4	22	25.388
3	4	23	25.762
3	4	24	25.817
3	4	25	25.844
3	4	26	25.787
3	4	27	25.812
3	4	28	25.481
3	4	29	25.499
3	4	30	25.433
3	4	31	25.617
3	4	32	26.385
3	4	33	27.370
3	4	34	28.273
3	4	35	29.070
3	4	36	32.628
3	5	12	33.874
3	5	13	22.483
3	5	14	22.302
3	5	15	20.331
3	5	16	20.019
3	5	17	19.814
3	5	18	18.396
3	5	19	18.166
3	5	20	18.270
3	5	21	17.583
3	5	22	17.461
3	5	23	17.517
3	5	24	18.212
3	5	25	18.191
3	5	26	18.221
3	5	27	18.194
3	5	28	18.025
3	5	29	22.693
3	5	30	24.349
3	5	31	25.987
3	5	32	26.641
3	5	33	21.256
3	5	34	18.647
3	5	35	21.731
3	5	36	23.854
3	6	12	46.092
3	6	13	29.752
3	6	14	29.563
3	6	15	27.660
3	6	16	27.381
3	6	17	27.272
3	6	18	25.803
3	6	19	25.622
3	6	20	25.650
3	6	21	24.896
3	6	22	24.772
3	6	23	24.805
3	6	24	25.651
3	6	25	25.657
3	6	26	25.624
3	6	27	25.644
3	6	28	25.535
3	6	29	28.066
3	6	30	29.168
3	6	31	29.423
3	6	32	31.237
3	6	33	29.386
3	6	34	26.685
3	6	35	31.685
3	6	36	35.843
3	7	12	46.878
3	7	13	30.255
3	7	14	30.049
3	7	15	29.193
3	7	16	28.916
3	7	17	28.782
3	7	18	27.330
3	7	19	27.154
3	7	20	27.184
3	7	21	26.430
3	7	22	26.306
3	7	23	26.344
3	7	24	27.157
3	7	25	27.171
3	7	26	27.146
3	7	27	27.155
3	7	28	27.051
3	7	29	28.222
3	7	30	29.222
3	7	31	29.391
3	7	32	30.319
3	7	33	30.912
3	7	34	28.149
3	7	35	32.696
3	7	36	36.409
3	8	12	42.673
3	8	13	29.251
3	8	14	29.098
3	8	15	28.275
3	8	16	27.959
3	8	17	27.756
3	8	18	26.333
3	8	19	26.095
3	8	20	26.192
3	8	21	25.516
3	8	22	25.385
3	8	23	25.438
3	8	24	26.123
3	8	25	26.124
3	8	26	26.143
3	8	27	26.128
3	8	28	25.927
3	8	29	27.689
3	8	30	27.546
3	8	31	27.389
3	8	32	29.600
3	8	33	26.997
3	8	34	26.418
3	8	35	29.425
3	8	36	31.491
3	9	12	55.235
3	9	13	37.421
3	9	14	36.995
3	9	15	36.856
3	9	16	36.698
3	9	17	38.089
3	9	18	36.891
3	9	19	35.566
3	9	20	35.410
3	9	21	34.709
3	9	22	34.556
3	9	23	35.008
3	9	24	34.765
3	9	25	34.811
3	9	26	34.722
3	9	27	34.798
3	9	28	34.308
3	9	29	34.841
3	9	30	35.285
3	9	31	35.463
3	9	32	36.394
3	9	33	37.855
3	9	34	39.052
3	9	35	43.330
3	9	36	47.482
4	0	12	42.909
4	0	13	31.024
4	0	14	30.816
4	0	15	30.241
4	0	16	30.339
4	0	17	30.263
4	0	18	29.695
4	0	19	28.886
4	0	20	28.717
4	0	21	27.933
4	0	22	27.882
4	0	23	28.182
4	0	24	27.308
4	0	25	28.350
4	0	26	27.308
4	0	27	27.275
4	0	28	27.312
4	0	29	27.316
4	0	30	27.349
4	0	31	27.445
4	0	32	27.450
4	0	33	27.625
4	0	34	28.377
4	0	35	28.384
4	0	36	28.246
4	1	12	35.348
4	1	13	25.201
4	1	14	24.992
4	1	15	24.423
4	1	16	24.517
4	1	17	24.446
4	1	18	23.975
4	1	19	23.463
4	1	20	23.337
4	1	21	23.283
4	1	22	23.342
4	1	23	23.229
4	1	24	23.126
4	1	25	23.092
4	1	26	23.587
4	1	27	23.502
4	1	28	23.490
4	1	29	23.359
4	1	30	23.738
4	1	31	23.255
4	1	32	23.335
4	1	33	23.435
4	1	34	23.463
4	1	35	23.532
4	1	36	23.543
4	2	12	36.686
4	2	13	27.130
4	2	14	26.936
4	2	15	26.001
4	2	16	25.329
4	2	17	26.468
4	2	18	25.704
4	2	19	25.511
4	2	20	24.421
4	2	21	23.814
4	2	22	23.693
4	2	23	24.216
4	2	24	23.337
4	2	25	23.699
4	2	26	23.432
4	2	27	23.420
4	2	28	23.449
4	2	29	23.349
4	2	30	23.496
4	2	31	23.563
4	2	32	23.601
4	2	33	23.612
4	2	34	23.430
4	2	35	23.458
4	2	36	23.314
4	3	12	41.084
4	3	13	29.517
4	3	14	29.282
4	3	15	28.696
4	3	16	28.802
4	3	17	28.755
4	3	18	28.428
4	3	19	27.784
4	3	20	27.637
4	3	21	28.140
4	3	22	28.160
4	3	23	28.128
4	3	24	27.781
4	3	25	28.278
4	3	26	27.608
4	3	27	27.785
4	3	28	26.458
4	3	29	28.443
4	3	30	28.431
4	3	31	28.712
4	3	32	29.004
4	3	33	29.099
4	3	34	29.786
4	3	35	30.013
4	3	36	29.060
4	4	12	0.000
4	4	13	0.000
4	4	14	0.000
4	4	15	0.000
4	4	16	0.000
4	4	17	0.000
4	4	18	0.000
4	4	19	0.000
4	4	20	0.000
4	4	21	0.000
4	4	22	0.000
4	4	23	0.000
4	4	24	0.000
4	4	25	0.000
4	4	26	0.000
4	4	27	0.000
4	4	28	0.000
4	4	29	0.000
4	4	30	0.000
4	4	31	0.000
4	4	32	0.000
4	4	33	0.000
4	4	34	0.000
4	4	35	0.000
4	4	36	0.000
4	5	12	25.636
4	5	13	19.142
4	5	14	19.129
4	5	15	19.131
4	5	16	19.140
4	5	17	19.135
4	5	18	19.140
4	5	19	19.140
4	5	20	19.153
4	5	21	19.144
4	5	22	19.149
4	5	23	19.152
4	5	24	19.157
4	5	25	19.145
4	5	26	19.151
4	5	27	19.144
4	5	28	19.163
4	5	29	19.168
4	5	30	19.154
4	5	31	19.164
4	5	32	20.958
4	5	33	21.320
4	5	34	19.236
4	5	35	19.311
4	5	36	19.276
4	6	12	27.380
4	6	13	19.527
4	6	14	21.621
4	6	15	21.659
4	6	16	21.686
4	6	17	21.374
4	6	18	17.957
4	6	19	18.208
4	6	20	18.367
4	6	21	18.112
4	6	22	18.190
4	6	23	18.246
4	6	24	18.264
4	6	25	18.107
4	6	26	18.040
4	6	27	17.719
4	6	28	17.981
4	6	29	18.214
4	6	30	18.406
4	6	31	17.995
4	6	32	18.134
4	6	33	19.181
4	6	34	18.554
4	6	35	18.979
4	6	36	20.265
4	7	12	21.603
4	7	13	15.914
4	7	14	15.914
4	7	15	15.914
4	7	16	15.914
4	7	17	15.914
4	7	18	15.914
4	7	19	15.914
4	7	20	15.914
4	7	21	15.914
4	7	22	15.914
4	7	23	15.914
4	7	24	15.914
4	7	25	15.914
4	7	26	15.914
4	7	27	15.914
4	7	28	15.914
4	7	29	15.914
4	7	30	15.914
4	7	31	15.914
4	7	32	15.914
4	7	33	15.914
4	7	34	15.914
4	7	35	15.914
4	7	36	15.914
4	8	12	35.029
4	8	13	26.345
4	8	14	26.345
4	8	15	26.345
4	8	16	26.345
4	8	17	26.345
4	8	18	26.345
4	8	19	26.345
4	8	20	26.345
4	8	21	26.318
4	8	22	26.314
4	8	23	26.316
4	8	24	26.314
4	8	25	26.319
4	8	26	26.317
4	8	27	26.310
4	8	28	26.315
4	8	29	26.313
4	8	30	26.345
4	8	31	26.345
4	8	32	26.345
4	8	33	26.308
4	8	34	26.308
4	8	35	26.306
4	8	36	26.305
4	9	12	19.222
4	9	13	14.082
4	9	14	14.082
4	9	15	14.082
4	9	16	14.082
4	9	17	14.082
4	9	18	14.082
4	9	19	14.082
4	9	20	14.082
4	9	21	14.082
4	9	22	14.082
4	9	23	14.082
4	9	24	14.082
4	9	25	14.082
4	9	26	14.082
4	9	27	14.082
4	9	28	14.082
4	9	29	14.082
4	9	30	14.082
4	9	31	14.082
4	9	32	14.082
4	9	33	14.082
4	9	34	14.082
4	9	35	14.082
4	9	36	14.168
5	0	12	43.094
5	0	13	29.718
5	0	14	29.852
5	0	15	28.946
5	0	16	27.295
5	0	17	24.384
5	0	18	23.982
5	0	19	24.038
5	0	20	19.811
5	0	21	19.759
5	0	22	19.889
5	0	23	19.550
5	0	24	19.502
5	0	25	19.460
5	0	26	20.288
5	0	27	19.766
5	0	28	19.729
5	0	29	19.703
5	0	30	19.686
5	0	31	19.497
5	0	32	19.594
5	0	33	19.320
5	0	34	19.280
5	0	35	20.929
5	0	36	20.839
5	1	12	35.533
5	1	13	23.896
5	1	14	24.028
5	1	15	23.128
5	1	16	21.476
5	1	17	18.562
5	1	18	18.164
5	1	19	18.319
5	1	20	14.388
5	1	21	14.379
5	1	22	14.507
5	1	23	14.218
5	1	24	14.171
5	1	25	14.124
5	1	26	14.473
5	1	27	14.439
5	1	28	14.399
5	1	29	14.383
5	1	30	14.363
5	1	31	14.167
5	1	32	14.275
5	1	33	13.999
5	1	34	13.947
5	1	35	15.599
5	1	36	15.513
5	2	12	35.892
5	2	13	26.218
5	2	14	25.900
5	2	15	25.015
5	2	16	24.385
5	2	17	23.347
5	2	18	22.778
5	2	19	23.155
5	2	20	18.283
5	2	21	17.699
5	2	22	17.619
5	2	23	17.862
5	2	24	17.221
5	2	25	17.497
5	2	26	17.140
5	2	27	17.181
5	2	28	17.193
5	2	29	17.176
5	2	30	16.987
5	2	31	17.304
5	2	32	17.478
5	2	33	17.289
5	2	34	17.065
5	2	35	18.681
5	2	36	18.594
5	3	12	40.643
5	3	13	28.212
5	3	14	28.318
5	3	15	27.401
5	3	16	25.769
5	3	17	22.847
5	3	18	22.474
5	3	19	22.772
5	3	20	18.709
5	3	21	18.679
5	3	22	19.404
5	3	23	19.118
5	3	24	19.070
5	3	25	19.216
5	3	26	19.702
5	3	27	19.351
5	3	28	19.524
5	3	29	18.777
5	3	30	20.726
5	3	31	20.486
5	3	32	20.822
5	3	33	20.819
5	3	34	20.653
5	3	35	22.244
5	3	36	22.379
5	4	12	22.620
5	4	13	16.864
5	4	14	16.892
5	4	15	16.889
5	4	16	16.875
5	4	17	16.885
5	4	18	16.890
5	4	19	16.893
5	4	20	16.918
5	4	21	16.890
5	4	22	16.880
5	4	23	16.882
5	4	24	16.880
5	4	25	16.904
5	4	26	16.911
5	4	27	16.878
5	4	28	16.880
5	4	29	16.939
5	4	30	16.921
5	4	31	16.890
5	4	32	16.906
5	4	33	16.913
5	4	34	16.999
5	4	35	17.006
5	4	36	17.006
5	5	12	0.000
5	5	13	0.000
5	5	14	0.000
5	5	15	0.000
5	5	16	0.000
5	5	17	0.000
5	5	18	0.000
5	5	19	0.000
5	5	20	0.000
5	5	21	0.000
5	5	22	0.000
5	5	23	0.000
5	5	24	0.000
5	5	25	0.000
5	5	26	0.000
5	5	27	0.000
5	5	28	0.000
5	5	29	0.000
5	5	30	0.000
5	5	31	0.000
5	5	32	0.000
5	5	33	0.000
5	5	34	0.000
5	5	35	0.000
5	5	36	0.000
5	6	12	11.853
5	6	13	11.121
5	6	14	11.170
5	6	15	9.020
5	6	16	9.014
5	6	17	9.144
5	6	18	9.090
5	6	19	9.203
5	6	20	9.216
5	6	21	9.135
5	6	22	9.067
5	6	23	9.064
5	6	24	9.038
5	6	25	9.125
5	6	26	9.237
5	6	27	9.172
5	6	28	9.179
5	6	29	9.268
5	6	30	9.276
5	6	31	9.173
5	6	32	9.213
5	6	33	9.261
5	6	34	9.475
5	6	35	9.534
5	6	36	9.928
5	7	12	13.912
5	7	13	12.668
5	7	14	12.710
5	7	15	10.560
5	7	16	10.554
5	7	17	10.677
5	7	18	10.625
5	7	19	10.713
5	7	20	10.743
5	7	21	10.667
5	7	22	10.601
5	7	23	10.599
5	7	24	10.578
5	7	25	10.659
5	7	26	10.743
5	7	27	10.687
5	7	28	10.701
5	7	29	10.779
5	7	30	10.792
5	7	31	10.702
5	7	32	10.737
5	7	33	10.785
5	7	34	10.994
5	7	35	11.060
5	7	36	11.318
5	8	12	13.790
5	8	13	10.019
5	8	14	10.019
5	8	15	10.019
5	8	16	10.019
5	8	17	10.019
5	8	18	10.019
5	8	19	10.019
5	8	20	10.019
5	8	21	10.019
5	8	22	10.019
5	8	23	10.019
5	8	24	10.019
5	8	25	10.019
5	8	26	10.019
5	8	27	10.019
5	8	28	10.019
5	8	29	10.019
5	8	30	10.019
5	8	31	10.019
5	8	32	10.019
5	8	33	10.019
5	8	34	10.019
5	8	35	10.019
5	8	36	10.019
5	9	12	33.683
5	9	13	26.015
5	9	14	26.043
5	9	15	24.604
5	9	16	24.118
5	9	17	24.095
5	9	18	25.473
5	9	19	25.475
5	9	20	24.166
5	9	21	23.584
5	9	22	23.237
5	9	23	23.017
5	9	24	22.947
5	9	25	23.108
5	9	26	23.165
5	9	27	23.072
5	9	28	23.027
5	9	29	23.236
5	9	30	24.758
5	9	31	23.198
5	9	32	23.157
5	9	33	24.072
5	9	34	25.281
5	9	35	25.636
5	9	36	27.757
6	0	12	47.946
6	0	13	35.669
6	0	14	33.449
6	0	15	32.392
6	0	16	32.588
6	0	17	30.282
6	0	18	27.692
6	0	19	24.261
6	0	20	22.841
6	0	21	22.941
6	0	22	22.761
6	0	23	22.527
6	0	24	22.532
6	0	25	22.298
6	0	26	23.284
6	0	27	22.720
6	0	28	22.736
6	0	29	22.666
6	0	30	22.619
6	0	31	22.516
6	0	32	22.336
6	0	33	22.180
6	0	34	23.578
6	0	35	23.788
6	0	36	23.698
6	1	12	40.385
6	1	13	29.846
6	1	14	27.625
6	1	15	26.574
6	1	16	26.766
6	1	17	24.464
6	1	18	21.968
6	1	19	18.541
6	1	20	17.418
6	1	21	17.560
6	1	22	17.380
6	1	23	17.195
6	1	24	17.201
6	1	25	16.962
6	1	26	17.469
6	1	27	17.393
6	1	28	17.406
6	1	29	17.346
6	1	30	17.296
6	1	31	17.187
6	1	32	17.017
6	1	33	16.859
6	1	34	18.244
6	1	35	18.457
6	1	36	18.371
6	2	12	42.922
6	2	13	31.713
6	2	14	29.294
6	2	15	27.812
6	2	16	27.986
6	2	17	29.054
6	2	18	26.633
6	2	19	23.378
6	2	20	21.313
6	2	21	20.880
6	2	22	20.491
6	2	23	20.839
6	2	24	20.251
6	2	25	20.335
6	2	26	20.135
6	2	27	20.135
6	2	28	20.200
6	2	29	20.138
6	2	30	19.920
6	2	31	20.323
6	2	32	20.220
6	2	33	20.149
6	2	34	21.363
6	2	35	21.539
6	2	36	21.452
6	3	12	46.121
6	3	13	34.162
6	3	14	31.915
6	3	15	30.847
6	3	16	31.051
6	3	17	28.774
6	3	18	26.403
6	3	19	22.994
6	3	20	21.739
6	3	21	21.860
6	3	22	22.277
6	3	23	22.095
6	3	24	22.100
6	3	25	22.054
6	3	26	22.697
6	3	27	22.306
6	3	28	22.531
6	3	29	21.740
6	3	30	23.658
6	3	31	23.505
6	3	32	23.563
6	3	33	23.680
6	3	34	24.951
6	3	35	25.102
6	3	36	24.098
6	4	12	26.569
6	4	13	19.543
6	4	14	19.693
6	4	15	19.424
6	4	16	19.469
6	4	17	19.470
6	4	18	19.722
6	4	19	19.722
6	4	20	19.533
6	4	21	19.248
6	4	22	18.567
6	4	23	18.366
6	4	24	18.147
6	4	25	18.075
6	4	26	18.311
6	4	27	18.175
6	4	28	18.189
6	4	29	18.000
6	4	30	19.089
6	4	31	18.756
6	4	32	18.137
6	4	33	18.902
6	4	34	19.448
6	4	35	19.009
6	4	36	19.410
6	5	12	24.741
6	5	13	19.265
6	5	14	18.458
6	5	15	16.454
6	5	16	13.731
6	5	17	12.230
6	5	18	9.603
6	5	19	9.149
6	5	20	8.823
6	5	21	8.929
6	5	22	8.749
6	5	23	8.711
6	5	24	8.766
6	5	25	8.715
6	5	26	8.716
6	5	27	8.730
6	5	28	8.787
6	5	29	8.775
6	5	30	8.664
6	5	31	8.777
6	5	32	10.467
6	5	33	10.798
6	5	34	8.668
6	5	35	8.821
6	5	36	8.689
6	6	12	0.000
6	6	13	0.000
6	6	14	0.000
6	6	15	0.000
6	6	16	0.000
6	6	17	0.000
6	6	18	0.000
6	6	19	0.000
6	6	20	0.000
6	6	21	0.000
6	6	22	0.000
6	6	23	0.000
6	6	24	0.000
6	6	25	0.000
6	6	26	0.000
6	6	27	0.000
6	6	28	0.000
6	6	29	0.000
6	6	30	0.000
6	6	31	0.000
6	6	32	0.000
6	6	33	0.000
6	6	34	0.000
6	6	35	0.000
6	6	36	0.000
6	7	12	6.353
6	7	13	4.395
6	7	14	4.392
6	7	15	4.387
6	7	16	4.385
6	7	17	4.386
6	7	18	4.386
6	7	19	4.386
6	7	20	4.387
6	7	21	4.388
6	7	22	4.386
6	7	23	4.387
6	7	24	4.386
6	7	25	4.386
6	7	26	4.386
6	7	27	4.386
6	7	28	4.387
6	7	29	4.386
6	7	30	4.386
6	7	31	4.386
6	7	32	4.386
6	7	33	4.386
6	7	34	4.386
6	7	35	4.386
6	7	36	4.386
6	8	12	26.185
6	8	13	19.629
6	8	14	19.627
6	8	15	19.622
6	8	16	18.575
6	8	17	17.259
6	8	18	14.628
6	8	19	14.263
6	8	20	14.273
6	8	21	14.353
6	8	22	14.208
6	8	23	14.181
6	8	24	14.228
6	8	25	14.152
6	8	26	14.181
6	8	27	14.214
6	8	28	14.244
6	8	29	14.239
6	8	30	14.101
6	8	31	14.172
6	8	32	14.129
6	8	33	14.095
6	8	34	14.078
6	8	35	14.102
6	8	36	14.079
6	9	12	28.004
6	9	13	20.834
6	9	14	20.832
6	9	15	20.827
6	9	16	20.825
6	9	17	20.825
6	9	18	20.826
6	9	19	20.826
6	9	20	20.827
6	9	21	19.777
6	9	22	19.231
6	9	23	19.085
6	9	24	18.985
6	9	25	18.872
6	9	26	19.138
6	9	27	19.001
6	9	28	18.975
6	9	29	18.809
6	9	30	20.826
6	9	31	19.568
6	9	32	18.962
6	9	33	18.988
6	9	34	19.573
6	9	35	19.561
6	9	36	20.826
7	0	12	43.818
7	0	13	31.114
7	0	14	29.863
7	0	15	28.301
7	0	16	28.209
7	0	17	27.912
7	0	18	30.639
7	0	19	28.212
7	0	20	26.399
7	0	21	25.375
7	0	22	25.521
7	0	23	25.687
7	0	24	24.725
7	0	25	25.075
7	0	26	25.276
7	0	27	24.552
7	0	28	24.560
7	0	29	24.589
7	0	30	24.262
7	0	31	24.387
7	0	32	24.421
7	0	33	24.534
7	0	34	25.367
7	0	35	25.248
7	0	36	25.057
7	1	12	36.257
7	1	13	25.291
7	1	14	24.038
7	1	15	22.483
7	1	16	22.387
7	1	17	22.093
7	1	18	24.919
7	1	19	22.789
7	1	20	20.976
7	1	21	20.833
7	1	22	20.887
7	1	23	20.749
7	1	24	20.534
7	1	25	20.494
7	1	26	20.869
7	1	27	20.796
7	1	28	20.746
7	1	29	20.610
7	1	30	20.674
7	1	31	20.165
7	1	32	20.291
7	1	33	20.353
7	1	34	20.406
7	1	35	20.387
7	1	36	20.351
7	2	12	37.239
7	2	13	27.214
7	2	14	25.911
7	2	15	24.044
7	2	16	23.210
7	2	17	24.122
7	2	18	26.706
7	2	19	26.103
7	2	20	22.063
7	2	21	21.371
7	2	22	21.237
7	2	23	21.734
7	2	24	20.743
7	2	25	21.102
7	2	26	20.719
7	2	27	20.707
7	2	28	20.695
7	2	29	20.609
7	2	30	20.436
7	2	31	20.489
7	2	32	20.564
7	2	33	20.525
7	2	34	20.399
7	2	35	20.326
7	2	36	20.135
7	3	12	41.991
7	3	13	29.607
7	3	14	28.329
7	3	15	26.756
7	3	16	26.673
7	3	17	26.400
7	3	18	29.372
7	3	19	27.110
7	3	20	25.276
7	3	21	24.465
7	3	22	25.705
7	3	23	25.650
7	3	24	25.162
7	3	25	25.666
7	3	26	24.946
7	3	27	25.026
7	3	28	24.966
7	3	29	25.321
7	3	30	25.405
7	3	31	25.449
7	3	32	25.692
7	3	33	26.102
7	3	34	26.831
7	3	35	26.657
7	3	36	25.553
7	4	12	20.640
7	4	13	15.336
7	4	14	15.148
7	4	15	15.208
7	4	16	15.196
7	4	17	15.103
7	4	18	15.113
7	4	19	15.336
7	4	20	15.336
7	4	21	15.213
7	4	22	14.966
7	4	23	14.700
7	4	24	14.492
7	4	25	14.455
7	4	26	14.362
7	4	27	14.345
7	4	28	14.403
7	4	29	14.436
7	4	30	14.378
7	4	31	14.641
7	4	32	14.361
7	4	33	15.057
7	4	34	15.055
7	4	35	14.629
7	4	36	15.072
7	5	12	25.617
7	5	13	20.556
7	5	14	19.116
7	5	15	17.116
7	5	16	16.874
7	5	17	15.258
7	5	18	14.489
7	5	19	14.080
7	5	20	14.245
7	5	21	14.126
7	5	22	14.010
7	5	23	14.098
7	5	24	14.082
7	5	25	14.025
7	5	26	14.043
7	5	27	14.067
7	5	28	14.133
7	5	29	14.021
7	5	30	14.086
7	5	31	14.001
7	5	32	15.763
7	5	33	16.091
7	5	34	14.067
7	5	35	14.059
7	5	36	13.992
7	6	12	8.192
7	6	13	5.772
7	6	14	5.772
7	6	15	5.772
7	6	16	5.772
7	6	17	5.772
7	6	18	5.772
7	6	19	5.772
7	6	20	5.772
7	6	21	5.772
7	6	22	5.772
7	6	23	5.772
7	6	24	5.772
7	6	25	5.772
7	6	26	5.772
7	6	27	5.772
7	6	28	5.772
7	6	29	5.772
7	6	30	5.772
7	6	31	5.772
7	6	32	5.772
7	6	33	5.772
7	6	34	5.772
7	6	35	5.772
7	6	36	5.772
7	7	12	0.000
7	7	13	0.000
7	7	14	0.000
7	7	15	0.000
7	7	16	0.000
7	7	17	0.000
7	7	18	0.000
7	7	19	0.000
7	7	20	0.000
7	7	21	0.000
7	7	22	0.000
7	7	23	0.000
7	7	24	0.000
7	7	25	0.000
7	7	26	0.000
7	7	27	0.000
7	7	28	0.000
7	7	29	0.000
7	7	30	0.000
7	7	31	0.000
7	7	32	0.000
7	7	33	0.000
7	7	34	0.000
7	7	35	0.000
7	7	36	0.000
7	8	12	28.884
7	8	13	21.479
7	8	14	21.479
7	8	15	21.864
7	8	16	21.718
7	8	17	20.287
7	8	18	19.603
7	8	19	19.543
7	8	20	19.661
7	8	21	19.589
7	8	22	19.483
7	8	23	19.563
7	8	24	19.507
7	8	25	19.497
7	8	26	19.521
7	8	27	19.543
7	8	28	19.602
7	8	29	19.444
7	8	30	19.492
7	8	31	19.458
7	8	32	19.421
7	8	33	19.418
7	8	34	19.423
7	8	35	19.413
7	8	36	19.384
7	9	12	22.286
7	9	13	16.440
7	9	14	16.440
7	9	15	16.440
7	9	16	16.440
7	9	17	16.440
7	9	18	16.440
7	9	19	16.440
7	9	20	16.440
7	9	21	16.440
7	9	22	16.440
7	9	23	15.408
7	9	24	15.300
7	9	25	15.261
7	9	26	15.179
7	9	27	15.170
7	9	28	15.200
7	9	29	15.238
7	9	30	15.155
7	9	31	16.440
7	9	32	15.182
7	9	33	15.167
7	9	34	15.141
7	9	35	15.187
7	9	36	16.440
8	0	12	44.639
8	0	13	32.281
8	0	14	32.530
8	0	15	31.398
8	0	16	29.941
8	0	17	27.235
8	0	18	27.073
8	0	19	26.500
8	0	20	26.236
8	0	21	26.255
8	0	22	26.180
8	0	23	26.057
8	0	24	25.984
8	0	25	25.798
8	0	26	26.810
8	0	27	26.241
8	0	28	26.166
8	0	29	26.124
8	0	30	26.311
8	0	31	26.013
8	0	32	25.775
8	0	33	25.708
8	0	34	27.223
8	0	35	27.340
8	0	36	27.393
8	1	12	37.078
8	1	13	26.458
8	1	14	26.706
8	1	15	25.580
8	1	16	24.119
8	1	17	21.413
8	1	18	21.256
8	1	19	20.929
8	1	20	20.813
8	1	21	20.874
8	1	22	20.798
8	1	23	20.725
8	1	24	20.653
8	1	25	20.462
8	1	26	20.995
8	1	27	20.914
8	1	28	20.837
8	1	29	20.804
8	1	30	20.988
8	1	31	20.684
8	1	32	20.456
8	1	33	20.388
8	1	34	21.889
8	1	35	22.007
8	1	36	22.056
8	2	12	41.593
8	2	13	29.510
8	2	14	28.930
8	2	15	28.138
8	2	16	28.749
8	2	17	26.194
8	2	18	25.870
8	2	19	25.766
8	2	20	24.708
8	2	21	24.194
8	2	22	23.910
8	2	23	24.369
8	2	24	23.703
8	2	25	23.836
8	2	26	23.662
8	2	27	23.655
8	2	28	23.631
8	2	29	23.597
8	2	30	23.612
8	2	31	23.820
8	2	32	23.659
8	2	33	23.677
8	2	34	25.007
8	2	35	25.089
8	2	36	25.136
8	3	12	42.814
8	3	13	30.774
8	3	14	30.996
8	3	15	29.853
8	3	16	28.405
8	3	17	25.710
8	3	18	25.659
8	3	19	25.317
8	3	20	25.116
8	3	21	25.165
8	3	22	25.697
8	3	23	25.627
8	3	24	25.745
8	3	25	25.668
8	3	26	25.916
8	3	27	26.038
8	3	28	25.850
8	3	29	27.156
8	3	30	27.324
8	3	31	27.015
8	3	32	27.027
8	3	33	27.241
8	3	34	28.532
8	3	35	28.873
8	3	36	28.113
8	4	12	31.858
8	4	13	23.796
8	4	14	23.796
8	4	15	23.796
8	4	16	23.796
8	4	17	23.796
8	4	18	23.796
8	4	19	23.796
8	4	20	23.796
8	4	21	23.796
8	4	22	23.796
8	4	23	23.796
8	4	24	23.796
8	4	25	23.796
8	4	26	23.796
8	4	27	23.796
8	4	28	23.796
8	4	29	23.796
8	4	30	23.796
8	4	31	23.796
8	4	32	23.796
8	4	33	23.796
8	4	34	23.796
8	4	35	23.796
8	4	36	23.796
8	5	12	15.496
8	5	13	11.311
8	5	14	11.298
8	5	15	11.300
8	5	16	11.309
8	5	17	11.304
8	5	18	11.309
8	5	19	11.309
8	5	20	11.322
8	5	21	11.313
8	5	22	11.318
8	5	23	11.321
8	5	24	11.326
8	5	25	11.314
8	5	26	11.320
8	5	27	11.313
8	5	28	11.332
8	5	29	11.337
8	5	30	11.322
8	5	31	11.333
8	5	32	13.127
8	5	33	13.489
8	5	34	11.405
8	5	35	11.480
8	5	36	11.445
8	6	12	25.281
8	6	13	18.735
8	6	14	16.617
8	6	15	16.613
8	6	16	16.742
8	6	17	16.677
8	6	18	16.791
8	6	19	16.789
8	6	20	16.727
8	6	21	16.666
8	6	22	16.661
8	6	23	16.637
8	6	24	16.707
8	6	25	16.815
8	6	26	16.773
8	6	27	16.778
8	6	28	16.834
8	6	29	16.848
8	6	30	16.765
8	6	31	16.794
8	6	32	16.844
8	6	33	16.991
8	6	34	17.043
8	6	35	17.349
8	6	36	19.127
8	7	12	27.290
8	7	13	20.282
8	7	14	18.157
8	7	15	18.153
8	7	16	18.275
8	7	17	18.212
8	7	18	18.301
8	7	19	18.315
8	7	20	18.259
8	7	21	18.199
8	7	22	18.195
8	7	23	18.176
8	7	24	18.241
8	7	25	18.321
8	7	26	18.287
8	7	27	18.300
8	7	28	18.344
8	7	29	18.363
8	7	30	18.293
8	7	31	18.319
8	7	32	18.368
8	7	33	18.511
8	7	34	18.569
8	7	35	18.813
8	7	36	20.139
8	8	12	0.000
8	8	13	0.000
8	8	14	0.000
8	8	15	0.000
8	8	16	0.000
8	8	17	0.000
8	8	18	0.000
8	8	19	0.000
8	8	20	0.000
8	8	21	0.000
8	8	22	0.000
8	8	23	0.000
8	8	24	0.000
8	8	25	0.000
8	8	26	0.000
8	8	27	0.000
8	8	28	0.000
8	8	29	0.000
8	8	30	0.000
8	8	31	0.000
8	8	32	0.000
8	8	33	0.000
8	8	34	0.000
8	8	35	0.000
8	8	36	0.000
8	9	12	43.754
8	9	13	32.947
8	9	14	32.098
8	9	15	32.320
8	9	16	31.891
8	9	17	31.828
8	9	18	32.947
8	9	19	32.221
8	9	20	31.764
8	9	21	30.985
8	9	22	30.826
8	9	23	30.564
8	9	24	30.608
8	9	25	30.916
8	9	26	30.640
8	9	27	30.669
8	9	28	30.678
8	9	29	30.908
8	9	30	32.285
8	9	31	30.703
8	9	32	30.798
8	9	33	32.079
8	9	34	32.320
8	9	35	34.092
8	9	36	34.164
9	0	12	55.024
9	0	13	41.464
9	0	14	39.665
9	0	15	39.314
9	0	16	39.316
9	0	17	39.254
9	0	18	38.740
9	0	19	37.588
9	0	20	36.589
9	0	21	36.745
9	0	22	36.942
9	0	23	36.004
9	0	24	36.242
9	0	25	36.502
9	0	26	35.700
9	0	27	35.746
9	0	28	35.841
9	0	29	35.440
9	0	30	35.559
9	0	31	35.581
9	0	32	35.795
9	0	33	36.522
9	0	34	36.477
9	0	35	36.264
9	0	36	36.211
9	1	12	47.463
9	1	13	35.641
9	1	14	33.841
9	1	15	33.496
9	1	16	33.494
9	1	17	33.436
9	1	18	33.021
9	1	19	32.165
9	1	20	32.046
9	1	21	32.112
9	1	22	32.004
9	1	23	31.814
9	1	24	31.661
9	1	25	32.095
9	1	26	31.944
9	1	27	31.932
9	1	28	31.862
9	1	29	31.852
9	1	30	31.337
9	1	31	31.451
9	1	32	31.614
9	1	33	31.562
9	1	34	31.616
9	1	35	31.558
9	1	36	31.569
9	2	12	50.000
9	2	13	37.508
9	2	14	35.398
9	2	15	34.320
9	2	16	35.522
9	2	17	35.161
9	2	18	35.059
9	2	19	33.252
9	2	20	32.584
9	2	21	32.461
9	2	22	32.989
9	2	23	32.023
9	2	24	32.269
9	2	25	31.944
9	2	26	31.855
9	2	27	31.881
9	2	28	31.861
9	2	29	31.614
9	2	30	31.661
9	2	31	31.724
9	2	32	31.786
9	2	33	31.554
9	2	34	31.555
9	2	35	31.342
9	2	36	31.303
9	3	12	53.064
9	3	13	39.972
9	3	14	38.131
9	3	15	37.769
9	3	16	37.780
9	3	17	37.746
9	3	18	37.474
9	3	19	36.486
9	3	20	35.681
9	3	21	36.927
9	3	22	36.904
9	3	23	36.276
9	3	24	36.720
9	3	25	36.428
9	3	26	36.013
9	3	27	36.243
9	3	28	34.986
9	3	29	36.583
9	3	30	36.621
9	3	31	36.852
9	3	32	37.363
9	3	33	37.987
9	3	34	37.887
9	3	35	37.892
9	3	36	37.024
9	4	12	20.517
9	4	13	15.082
9	4	14	15.082
9	4	15	15.082
9	4	16	15.082
9	4	17	15.082
9	4	18	15.082
9	4	19	15.082
9	4	20	15.082
9	4	21	15.082
9	4	22	15.082
9	4	23	15.082
9	4	24	15.082
9	4	25	15.082
9	4	26	15.082
9	4	27	15.082
9	4	28	15.082
9	4	29	15.082
9	4	30	15.082
9	4	31	15.082
9	4	32	15.082
9	4	33	15.082
9	4	34	15.082
9	4	35	15.082
9	4	36	16.289
9	5	12	39.653
9	5	13	29.789
9	5	14	28.832
9	5	15	28.484
9	5	16	28.172
9	5	17	27.912
9	5	18	26.323
9	5	19	26.625
9	5	20	26.815
9	5	21	26.406
9	5	22	26.465
9	5	23	26.609
9	5	24	26.504
9	5	25	26.370
9	5	26	26.338
9	5	27	26.055
9	5	28	26.354
9	5	29	26.469
9	5	30	26.676
9	5	31	28.025
9	5	32	28.464
9	5	33	27.460
9	5	34	26.859
9	5	35	27.223
9	5	36	27.732
9	6	12	26.802
9	6	13	19.086
9	6	14	21.812
9	6	15	21.536
9	6	16	21.735
9	6	17	20.934
9	6	18	17.517
9	6	19	17.768
9	6	20	17.926
9	6	21	17.672
9	6	22	17.750
9	6	23	17.805
9	6	24	17.823
9	6	25	17.667
9	6	26	17.599
9	6	27	17.279
9	6	28	17.541
9	6	29	17.773
9	6	30	17.966
9	6	31	17.554
9	6	32	17.694
9	6	33	18.741
9	6	34	18.114
9	6	35	18.538
9	6	36	20.926
9	7	12	22.289
9	7	13	16.440
9	7	14	16.440
9	7	15	16.440
9	7	16	16.440
9	7	17	16.440
9	7	18	16.440
9	7	19	16.440
9	7	20	16.440
9	7	21	16.440
9	7	22	16.440
9	7	23	16.440
9	7	24	16.440
9	7	25	16.440
9	7	26	16.440
9	7	27	16.440
9	7	28	16.440
9	7	29	16.440
9	7	30	16.440
9	7	31	16.440
9	7	32	16.440
9	7	33	16.440
9	7	34	16.440
9	7	35	16.440
9	7	36	16.440
9	8	12	44.651
9	8	13	33.647
9	8	14	33.580
9	8	15	33.328
9	8	16	33.201
9	8	17	33.026
9	8	18	31.780
9	8	19	32.041
9	8	20	32.278
9	8	21	31.879
9	8	22	31.931
9	8	23	32.033
9	8	24	31.975
9	8	25	31.848
9	8	26	31.814
9	8	27	31.523
9	8	28	31.780
9	8	29	31.875
9	8	30	32.133
9	8	31	31.684
9	8	32	31.789
9	8	33	32.816
9	8	34	32.213
9	8	35	32.616
9	8	36	33.052
9	9	12	0.000
9	9	13	0.000
9	9	14	0.000
9	9	15	0.000
9	9	16	0.000
9	9	17	0.000
9	9	18	0.000
9	9	19	0.000
9	9	20	0.000
9	9	21	0.000
9	9	22	0.000
9	9	23	0.000
9	9	24	0.000
9	9	25	0.000
9	9	26	0.000
9	9	27	0.000
9	9	28	0.000
9	9	29	0.000
9	9	30	0.000
9	9	31	0.000
9	9	32	0.000
9	9	33	0.000
9	9	34	0.000
9	9	35	0.000
9	9	36	0.000
